-3.748923166873314 -0.3349046211319764 1.239573268641251 5.046768860089405 -0.24326339971323763 
60.97681964966143 56.79733310579753 59.034067748994836 55.42241531747748 62.142896801572306 
62.599983534158326 66.68324250441945 64.70954521018852 68.57885492960378 66.93128328251962 
6.216719993132774 14.556714794358875 8.048985031986167 14.139244623718213 7.226506692527682 
62.567049718901764 62.21112403292376 51.978671823294626 53.30934004219671 62.74481559068599 
63.3078303762429 69.32152244791033 60.503901091795136 58.25334129378342 53.66225942808761 
53.5721463581633 51.64481640558722 58.23887836678533 63.8883990430918 57.2109593848774 
113.59137312037207 111.84908247599115 101.95897701439621 105.59064665171357 104.559894761329 
105.3179633187044 103.12674903709572 108.52683472899507 103.32376500308615 109.1362287997097 
101.40082606321812 115.47334865164865 102.90366987977465 110.71159444347694 109.00297246292929 
55.060938455521516 66.78121164600114 50.192849279970794 56.65533736978279 45.55333466071565 
64.57196605761582 69.08967024682599 58.19395735414709 62.66165729573047 56.655445537377474 
3.677250515523827 -0.19753916920520576 -1.145154820790181 5.728309093683185 -8.914134662083011 
52.62407501743715 52.682247873873244 50.31787446663414 54.37003097863455 54.12907377787454 
56.80590551650956 59.839931913305136 67.45571019368273 70.0336103619119 67.07975531828373 
13.097599677251647 5.373761283345911 9.63653609477926 22.060748014270192 6.3010112576803685 
57.0999915681023 57.46956987924529 55.255781075057975 57.25966644497042 55.564114807268005 
58.34303213299421 60.712743145491544 62.421801276311484 47.276407023727415 48.315344972782775 
10.936485158068185 12.206389430304142 8.299734006570207 12.69365452188071 6.113327628449234 
64.36462311255008 56.09562040864317 59.517215954166055 53.87685142634342 57.84654299817999 
53.44807981618105 56.99211402521575 60.25843654566017 54.71908295893874 51.424078195851244 
8.943253322038956 -5.176468077336937 -6.888066215992177 6.355375213376698 -3.6260263960664147 
4.160327142355486 -2.9790263761223716 13.962573416143819 10.393209098733134 9.534308176663288 
104.86533451485245 105.3868105360037 112.45615164321332 95.44274961896349 103.59947354688897 
6.5984025236249755 4.747069562346235 1.9919855122894514 13.119335328905851 5.543291414783711 
-5.087079672005049 -10.12046048297282 3.5674957519251738 -4.33896135512664 -2.0791300698771678 
12.21621317836492 4.8050042892099745 0.33937979309873434 9.23684242683686 10.0917580011931 
63.866813998589066 66.94033275474465 57.032759559325605 55.97774725858672 54.481757323940286 
-9.467217527923452 8.725870302973474 3.463681970112864 2.2698312201408024 7.443544539794839 
106.98585966034332 102.07100338517547 112.90203595706377 101.67307933660618 100.97018292782828 
-3.051185607920485 10.601875768098363 2.714732884206324 -7.382602271574328 8.190706921034185 
59.842907469566484 53.4347966375218 60.61615256731769 51.5783967297063 52.25928321938032 
4.303270078382361 10.637542580605157 14.938669281993612 2.1618152494565743 8.443270283933874 
66.13029893796734 59.290977986813814 51.736895686549616 62.5573140061398 47.47930526222477 
0.6354488660707993 15.84196289055855 7.107536132224122 -1.3978967802484314 3.0400268878134016 
68.29781153828442 59.649285433945145 67.17423101697108 63.14577757581344 60.46333841717063 
-4.674255570954862 10.740045520084786 -1.0441601701096297 2.0197984757026033 -6.407482431768086 
7.296891754265966 10.770650922017388 9.901913369702767 15.981418093905479 4.862320774739307 
-1.7402618024078107 2.120072791653379 7.505828388270588 1.8331841854677369 -4.96626835188978 
57.08947108461374 54.10803605339719 54.70580186277121 53.42248319733053 52.8435441250612 
68.23074925785309 60.20653766514141 53.43430968253197 57.2380380730268 59.89181275019162 
54.89110783835143 53.704720501767625 61.65635055696387 55.98414862562962 45.295941350885116 
2.9644180668677773 5.793902439625489 -2.3718156257979293 5.711037718137662 -8.745695806217007 
101.5396871989384 110.02086262702738 104.90849269131975 120.65255597991018 107.55075464254922 
7.276032738942428 2.593581061137751 9.51277980163343 -0.05147082169940442 0.9242755642759575 
5.309561586097997 7.037870242606253 17.6725421580662 3.5044763443706852 8.076408695654699 
104.13256765281497 99.39237493301081 110.208039765549 102.78480115209472 101.54638572246972 
17.79178410818536 21.877660663147445 9.741707848663088 1.0423870633858003 10.45172019813398 
49.93403817078021 64.90839259541774 57.5174266554878 55.97782400773404 59.00353161169956 
59.265798060482744 59.89247737226277 61.230749519962885 61.337869969435395 48.810913588646685 
54.32987480547396 58.65389399118848 60.972744792837055 54.79958053620941 48.29326596991359 
-0.5106827349183087 5.306831720029908 0.24508046223369928 -1.5336970125078504 -0.6601830825822818 
54.06564146495872 49.9388718171798 53.141775498090276 45.48547058630763 52.36695767714904 
15.226335493316448 10.906629587801568 8.955178083108063 6.2615337893621215 11.053397467100268 
62.22607095566121 67.089116825512 59.03653320662308 63.09139151138719 57.44170513719556 
3.423793530322798 11.351433814804723 0.4267236721548757 7.980844784890493 6.949266523033329 
10.127609430281494 5.747621832662233 8.774504881391488 0.2633370922019065 9.43099440426077 
10.166123615086393 7.29736320860615 6.753728329154606 5.986221376389703 15.223220490089687 
0.5827362533394446 0.1450569539735902 0.1848289765932455 -6.318803798708122 -10.734650741346824 
5.996831355241708 4.198363795467358 4.171753809708544 17.27621883690386 9.023447217433407 
58.78557649724687 54.41317044042526 63.25265348227113 50.18754461338346 65.6116051560549 
0.5769438435342424 12.146588384839824 20.9703049041341 1.547703909977531 7.707176535940232 
46.45327896798514 60.82347315832978 54.03099956273162 59.03617066903175 58.07049517084171 
58.664556329690754 64.29211048170235 57.07683587514643 63.63803488627357 64.6856510830207 
54.38600916191678 67.2331041213774 52.77084772313445 50.83600531251854 58.06495492667707 
62.67963693609158 61.480236540977565 56.441355581519105 68.51666826280855 59.84237973053705 
58.12772968144408 50.18165735955271 48.07225540086261 52.96053837471179 58.830646847522374 
111.33730652268562 104.18906611083563 113.0530612462993 95.23598242274383 102.30528066899795 
1.8674710516390065 5.068781260259575 1.0842107374092365 3.67374119858438 1.1214282594725575 
62.91480407114843 65.60114450613938 58.304636447124786 60.14583249299489 51.98623131126184 
9.957692876727789 3.103159722782884 -0.03664998772490646 -0.1506440560553569 8.29958297816402 
-1.7374811844645426 -10.004791392579474 -4.429421338628526 -5.475363198176396 5.257133618273477 
49.47246382402403 55.82389426690432 56.6355788212744 53.48301102120852 60.831869534069554 
8.683220166740513 1.8342806702896 5.6662545775998385 1.3626671164764999 -0.7986229990796537 
62.23732506400957 64.57397703198849 64.8504214228524 56.213260482176594 49.85503507263897 
45.372610252043046 60.74840701280644 48.443140037022374 62.08331200436557 55.592549215126745 
-0.7694216003758014 -0.3989554807451525 6.86459043926963 0.8919501565371278 -6.052491382320366 
57.347236682660395 53.526239728750475 63.9110105272852 55.30843500390304 62.41896236497207 
62.06755894707291 57.6254287648547 53.8889544271928 62.68683261983081 55.938543669959195 
68.23630434291981 56.347417679103714 64.7183688553554 57.12231283602542 55.6625706329052 
104.5648431313204 111.43203721471325 104.0502595862908 117.17711273555206 98.73956798649435 
53.86656778742527 61.31262682810478 62.09455265332874 48.21152653174037 53.66553678127477 
8.14508093375167 3.2449216054440653 6.994941660640821 1.2312681253012752 -1.7399052975757057 
64.98381029618996 62.23038210484032 63.6870666754729 62.763861321827704 53.68233833601663 
105.384443089563 109.69765598867964 103.22540200998253 107.21127349543374 103.10903521302858 
111.38009411025381 104.38647509287406 103.36351881663462 109.10930233112673 107.05996291425039 
6.908961701257766 6.306742660173152 3.83980543444558 -1.7613673904102929 4.2670883232355745 
61.662718922261725 62.41426965564137 46.411145651647516 59.081722207351945 55.66265777567363 
53.75357432249906 58.75253387846811 59.72902096692554 58.390347870851826 62.98871663563838 
14.247771114007172 5.7025570898512425 7.166075400656375 8.982293942858732 10.297498257464298 
60.01497555312661 63.647646699600955 60.099265534447596 66.23634254988615 60.86920664393969 
100.63921816570871 102.84232020898993 104.39806260753062 102.09022558715121 108.15267478936677 
112.50704818605546 109.92032445867903 111.9325817048578 100.15357877484415 109.42948172956609 
66.27786073305684 64.82554223499285 65.65787945928659 57.331389686808585 65.85980680952557 
63.181274383093594 68.04505789535085 57.093914758955734 73.109493662223 55.350816800567124 
63.45655129630453 55.01359660843438 55.13084490884691 56.68767163797767 67.33901175049272 
104.33801343598526 111.36248891470409 107.68342970496711 112.41758902544275 103.24612835982285 
59.20671823975253 70.0145433769575 59.33586302585218 49.7335628326436 53.21711362348828 
62.322012567794175 74.45893667525014 62.76226235109634 59.6665052413856 55.31843497380168 
62.90770645014594 56.75875324441181 62.87949588220793 61.9748404569185 67.78699549569666 
