645542
645547
645548
645727
645733
645735
645789
645793
646436
646437
646438
646439
646440
646441
646443
646444
646603
646604
646606
646607
646608
646609
646610
646611
646910
646943
646989
647014
647019
647024
647643
647644
647645
647646
647648
647974
647975
647976
647977
648344
648352
648358
648360
648396
648400
648540
649649
649860
649861
649971
650058
650059
650061
650064
650065
650886
650898
651015
651016
651018
651686
651687
651714
654077
654262
654263
654264
654265
654722
654956
656199
656332
656333
656334
657017
657141
657504
657732
657733
657782
658434
658787
659015
659017
659327
659921
659922
659923
660371
660372
660373
661055
661056
661057
661122
661123
661186
661755
661944
662162
662283
662426
662427
662830
662831
662832
663405
663415
663416
663417
663418
663419
663606
663607
663608
664208
664209
664210
664319
664737
664739
664891
664892
664893
664894
664896
664941
665158
665353
665356
665357
665358
665527
665534
665535
665536
665539
665963
665964
666115
666378
666386
666863
667948
667950
667951
667952
668532
668535
668536
668537
668856
668859
670074
670077
670078
670080
670194
670365
670881
670886
670887
670888
671055
671056
671283
671286
671291
671292
671934
671935
671936
671937
671938
671939
671940
671942
671944
673317
673653
673654
673997
674897
675186
675187
675268
675282
675451
676419
676509
676949
677761
678323
679825
680411
680412
680413
680414
680416
681170
681679
682328
682338
682692
682699
682700
684694
684881
684882
685578
685582
685583
685584
687376
687813
688986
690393
691259
691995
693097
693165
693166
694152
694553
694557
694755
695574
695625
695836
696900
697445
697598
697671
697780
698506
698553
698554
698601
698623
699054
699055
699058
699329
699339
699340
699349
699497
699499
700123
700281
700282
700283
700284
700285
700286
700287
700288
700290
700357
700590
700591
701195
701196
701201
701202
701203
701595
701596
701718
701777
701826
701827
701828
702732
703045
703046
703987
704061
704062
704063
704064
704529
704530
704532
705832
705833
705958
706095
706106
706116
706118
710029
710031
710032
710302
710303
710468
711258
711259
711261
712826
712905
712906
713217
714023
714025
714026
714027
714466
714467
714892
714893
715194
715195
715196
720651
721629
